0,-0.0107022,0.35078,-0.291371
1,-0.0571694,0.496167,-0.298209
2,-7.03365e-05,0.477416,-0.301726
3,0.0648458,0.478699,-0.296227
4,-0.120089,0.609725,-0.299757
5,-0.0547778,0.613445,-0.307046
6,0.0019155,0.607689,-0.31133
7,0.0671446,0.608847,-0.305784
8,0.122342,0.58763,-0.298874
9,-0.113286,0.739037,-0.309592
10,-0.0496522,0.72332,-0.315277
11,0.0043627,0.759707,-0.322171
12,0.0682973,0.712672,-0.313454
13,0.134851,0.7212,-0.305957
14,-0.329471,0.688834,-0.233171
15,-0.346499,0.781627,-0.232238
16,-0.0535905,-0.167842,-0.219557
17,0.0128456,-0.171691,-0.217172
18,0.0910035,-0.167888,-0.217001
19,-0.118254,-0.0564439,-0.235262
20,-0.0513509,-0.0739904,-0.240497
21,0.00952084,-0.0465377,-0.247738
22,0.0856423,-0.0853911,-0.236075
23,0.147045,-0.0475708,-0.228723
24,-0.0043341,0.0196943,-0.256698
25,0.0550548,0.031886,-0.253501
26,-0.180142,0.0648968,-0.234171
27,-0.113509,0.0689561,-0.252155
28,-0.0519675,0.0758021,-0.25902
29,0.0118736,0.0896987,-0.263574
30,0.0882207,0.0870146,-0.256998
31,0.150489,0.0726675,-0.243041
32,0.216382,0.068779,-0.224633
33,-0.0822381,0.151092,-0.264942
34,-0.0172317,0.150933,-0.26995
35,0.0455927,0.156895,-0.268331
36,0.112761,0.147126,-0.261425
37,-0.253502,0.208656,-0.225464
38,-0.189119,0.205336,-0.247899
39,-0.124675,0.205738,-0.265331
40,-0.0571363,0.214004,-0.273376
41,0.0062279,0.213902,-0.277584
42,0.0823643,0.21017,-0.271057
43,0.148553,0.205632,-0.258899
44,0.212678,0.202002,-0.241463
45,-0.153077,0.274021,-0.264918
46,-0.0887108,0.270033,-0.276684
47,-0.016794,0.283613,-0.2843
48,0.0440594,0.270331,-0.280462
49,0.111744,0.270865,-0.274669
50,0.172404,0.275637,-0.259887
51,-0.274005,0.336618,-0.230015
52,-0.207054,0.332243,-0.256519
53,-0.13682,0.334441,-0.27546
54,-0.071318,0.329813,-0.284443
55,0.0448089,0.33685,-0.287357
56,0.10347,0.333375,-0.281939
57,0.162103,0.341485,-0.269208
58,0.224185,0.335123,-0.251895
59,0.281134,0.34079,-0.226924
60,-0.152654,0.395741,-0.27595
61,-0.0839738,0.389681,-0.28793
62,-0.0220678,0.416975,-0.295345
63,0.0433437,0.409295,-0.292897
64,0.108028,0.397091,-0.286338
65,0.177293,0.406938,-0.27018
66,-0.263486,0.4595,-0.245028
67,-0.206247,0.46421,-0.266906
68,-0.147983,0.460493,-0.282122
69,-0.0895346,0.451874,-0.292038
70,0.0202568,0.466026,-0.236777
71,0.118498,0.457799,-0.289794
72,0.17255,0.473697,-0.276611
73,0.234987,0.467269,-0.257909
74,0.294397,0.475335,-0.231044
75,-0.216932,0.530638,-0.269165
76,-0.142883,0.519286,-0.287699
77,-0.0866058,0.549774,-0.299252
78,-0.0111157,0.546177,-0.305986
79,0.051793,0.542932,-0.302171
80,0.118773,0.526586,-0.295093
81,0.201181,0.527122,-0.27276
82,-0.336966,0.59841,-0.222098
83,-0.271407,0.585332,-0.2517
84,-0.219357,0.606405,-0.274353
85,-0.167768,0.576812,-0.285632
86,-0.0696388,0.604438,-0.239707
87,0.017556,0.607616,-0.242338
88,0.107466,0.619341,-0.235222
89,0.17992,0.584462,-0.283037
90,0.238357,0.593873,-0.266283
91,0.295512,0.592484,-0.239726
92,-0.239697,0.665946,-0.273173
93,-0.168349,0.652046,-0.29087
94,-0.0961087,0.670119,-0.306635
95,-0.0185227,0.678439,-0.315258
96,0.0373523,0.670535,-0.313004
97,0.119468,0.659603,-0.305052
98,0.178756,0.649553,-0.288091
99,0.238914,0.65722,-0.270897
100,-0.364395,0.725578,-0.216491
101,-0.280894,0.72547,-0.259145
102,-0.217432,0.719585,-0.283643
103,-0.159543,0.716045,-0.29767
104,-0.0608606,0.776675,-0.258652
105,0.0158307,0.767378,-0.274669
106,0.100047,0.767376,-0.271493
107,0.19498,0.714321,-0.288141
108,0.253791,0.725293,-0.269179
109,0.315404,0.718754,-0.241233
110,-0.235245,0.770759,-0.283831
111,-0.177811,0.788502,-0.298964
112,-0.12208,0.802323,-0.310458
113,-0.0598035,0.780656,-0.319639
114,0.0741649,0.76667,-0.316579
115,0.160415,0.778758,-0.30512
116,0.208628,0.783907,-0.289987
117,0.255335,0.799022,-0.271829
118,0.443889,0.772345,-0.165567
119,0.483257,0.76895,-0.132575
120,0.510202,0.766317,-0.0863766
121,-0.275093,-0.171327,-0.152353
122,-0.221378,-0.171447,-0.177744
123,-0.117614,-0.174927,-0.202228
124,-0.0636761,-0.178341,-0.157147
125,0.00798655,-0.178666,-0.157719
126,0.0762133,-0.178024,-0.160173
127,0.158394,-0.170908,-0.198014
128,0.239273,-0.174327,-0.163839
129,0.296932,-0.170124,-0.144038
130,-0.222279,-0.118582,-0.197148
131,-0.169033,-0.155991,-0.207834
132,-0.102748,-0.125793,-0.22908
133,-0.0166533,-0.122672,-0.237138
134,0.0461088,-0.128648,-0.233796
135,0.13671,-0.1258,-0.220877
136,0.21028,-0.150624,-0.197382
137,-0.289738,-0.0555765,-0.174476
138,-0.226296,-0.053104,-0.204715
139,-0.16858,-0.0836212,-0.218082
140,-0.0817001,-0.0675034,-0.177749
141,0.0183516,-0.0586714,-0.188503
142,0.117563,-0.0760461,-0.169305
143,0.194195,-0.0866339,-0.210813
144,0.244167,-0.0645074,-0.194395
145,0.307246,-0.062684,-0.165516
146,-0.240447,0.0107343,-0.206982
147,-0.176045,-0.00501865,-0.226785
148,-0.115672,0.0075088,-0.244471
149,-0.0567602,-0.00601168,-0.248999
150,0.0748358,-0.0253466,-0.24478
151,0.125981,0.0142073,-0.242631
152,0.192214,-0.00158905,-0.222859
153,0.249404,0.00271997,-0.201698
154,-0.338074,0.0670045,-0.164637
155,-0.286194,0.0629803,-0.192297
156,-0.234289,0.0784151,-0.218685
157,-0.147558,0.069137,-0.179567
158,-0.0663485,0.0582599,-0.189604
159,0.0120304,0.0602408,-0.188198
160,0.0922592,0.061374,-0.184637
161,0.174236,0.0674921,-0.173648
162,0.272268,0.0681137,-0.199405
163,0.327933,0.0699462,-0.172125
164,-0.302999,0.133126,-0.193398
165,-0.244742,0.142361,-0.221726
166,-0.186676,0.140045,-0.241263
167,-0.131795,0.128166,-0.254701
168,-0.0404001,0.131363,-0.207604
169,0.0532484,0.130498,-0.206525
170,0.16862,0.135179,-0.245641
171,0.227034,0.135802,-0.229072
172,0.285663,0.131875,-0.201273
173,-0.361183,0.205578,-0.167315
174,-0.308964,0.200379,-0.198626
175,-0.217428,0.20392,-0.169481
176,-0.138763,0.19141,-0.192235
177,-0.0636197,0.203867,-0.18957
178,0.0137629,0.201265,-0.192416
179,0.0938086,0.19827,-0.189391
180,0.176246,0.196341,-0.182684
181,0.268122,0.200566,-0.217699
182,0.321477,0.191851,-0.191639
183,0.372417,0.193012,-0.15783
184,-0.323123,0.269034,-0.1997
185,-0.265164,0.274129,-0.22738
186,-0.210168,0.266991,-0.248997
187,-0.117493,0.268624,-0.206792
188,-0.0299958,0.272112,-0.21941
189,0.0526892,0.27022,-0.215295
190,0.135254,0.265939,-0.202005
191,0.226903,0.266672,-0.243885
192,0.279116,0.270134,-0.220387
193,0.331083,0.258271,-0.194262
194,-0.383946,0.329525,-0.166675
195,-0.332103,0.333411,-0.202497
196,-0.225203,0.332299,-0.179853
197,-0.15132,0.34036,-0.196167
198,-0.0691107,0.334928,-0.193146
199,0.0124085,0.335467,-0.19226
200,0.0938359,0.335402,-0.190522
201,0.173035,0.338273,-0.190211
202,0.247637,0.337254,-0.169511
203,0.334455,0.328644,-0.200787
204,0.383468,0.334056,-0.167405
205,-0.327487,0.394424,-0.209851
206,-0.264792,0.396614,-0.239239
207,-0.209147,0.395736,-0.260871
208,-0.109623,0.402661,-0.218264
209,-0.0276639,0.395364,-0.22583
210,0.0556871,0.393406,-0.224397
211,0.135906,0.405519,-0.214848
212,0.232261,0.4007,-0.253989
213,0.28565,0.408159,-0.229972
214,0.340188,0.397278,-0.20375
215,-0.413919,0.454318,-0.157061
216,-0.3636,0.451134,-0.19204
217,-0.316905,0.464164,-0.220478
218,-0.220359,0.464226,-0.186353
219,-0.143616,0.463722,-0.195081
220,-0.0620579,0.466254,-0.200335
221,0.0132775,0.470681,-0.169253
222,0.0935966,0.46968,-0.19641
223,0.174885,0.468528,-0.193115
224,0.252301,0.465478,-0.176147
225,0.348558,0.46301,-0.204328
226,0.399138,0.47297,-0.169088
227,-0.376895,0.517232,-0.188763
228,-0.32805,0.532249,-0.220938
229,-0.272507,0.524198,-0.246151
230,-0.176568,0.533743,-0.212912
231,-0.0999161,0.529019,-0.224387
232,-0.0228095,0.535374,-0.226278
233,0.0577287,0.539685,-0.224952
234,0.13339,0.534542,-0.224806
235,0.213018,0.542744,-0.202478
236,0.271242,0.532232,-0.246197
237,0.341323,0.52756,-0.213891
238,-0.433083,0.590778,-0.155392
239,-0.384016,0.588016,-0.190201
240,-0.283089,0.599667,-0.170139
241,-0.205922,0.597462,-0.188597
242,-0.140351,0.616905,-0.207149
243,-0.0673346,0.612446,-0.173272
244,0.0131162,0.609065,-0.176859
245,0.0975934,0.59939,-0.171096
246,0.178157,0.612998,-0.199106
247,0.256588,0.610945,-0.180462
248,0.347245,0.590438,-0.215927
249,0.394432,0.602401,-0.184181
250,0.445584,0.581512,-0.144943
251,-0.380819,0.654496,-0.198479
252,-0.29703,0.643628,-0.244555
253,-0.229476,0.662727,-0.201316
254,-0.16721,0.697456,-0.21934
255,-0.0950645,0.689759,-0.232457
256,-0.026421,0.681141,-0.238056
257,0.058119,0.679849,-0.236795
258,0.131214,0.697336,-0.221504
259,0.207829,0.69029,-0.208132
260,0.296126,0.659159,-0.244882
261,0.353237,0.657852,-0.218066
262,-0.439594,0.781326,-0.170888
263,-0.413319,0.721214,-0.181426
264,-0.273784,0.718458,-0.178597
265,-0.227264,0.770672,-0.209335
266,-0.130719,0.768732,-0.203577
267,-0.0596485,0.767376,-0.187861
268,0.0197013,0.710954,-0.183379
269,0.112755,0.76929,-0.167022
270,0.188719,0.772285,-0.172603
271,0.257101,0.766668,-0.200148
272,0.324409,0.767382,-0.175311
273,0.387698,0.701138,-0.198144
274,0.4422,0.710999,-0.160283
275,-0.390444,0.786898,-0.201972
276,-0.331427,0.788742,-0.180615
277,-0.291245,0.776117,-0.241601
278,-0.177696,0.785088,-0.239663
279,-0.12054,0.795927,-0.263446
280,-0.00408289,0.767334,-0.21772
281,0.0652026,0.767376,-0.222116
282,0.146574,0.771123,-0.229904
283,0.205391,0.784791,-0.238101
284,0.297238,0.779994,-0.254823
285,0.354055,0.759405,-0.223145
286,0.396188,0.763562,-0.192831
287,0.550597,0.770786,-0.0624374
288,-0.355851,-0.173393,-0.098994
289,-0.295298,-0.177377,-0.0886168
290,-0.222556,-0.179156,-0.101
291,-0.125901,-0.182541,-0.0894031
292,-0.0541617,-0.183362,-0.0926787
293,0.0176694,-0.18356,-0.093263
294,0.0916151,-0.183533,-0.0869539
295,0.186495,-0.17932,-0.116383
296,0.262937,-0.178718,-0.0903584
297,0.344517,-0.17515,-0.101424
298,0.393565,-0.170272,-0.0750105
299,-0.3941,-0.122913,-0.0964437
300,-0.329087,-0.143459,-0.138559
301,-0.282995,-0.115072,-0.169015
302,-0.171523,-0.177674,-0.14271
303,-0.118607,-0.137024,-0.143576
304,-0.0274152,-0.116657,-0.148529
305,0.0588332,-0.117323,-0.144515
306,0.134992,-0.178444,-0.142117
307,0.21038,-0.113772,-0.127653
308,0.277939,-0.120695,-0.17052
309,0.343251,-0.125665,-0.131604
310,-0.403318,-0.0653933,-0.098622
311,-0.349191,-0.0751156,-0.135259
312,-0.298783,-0.0542316,-0.0986772
313,-0.216174,-0.0767545,-0.13216
314,-0.145768,-0.0640051,-0.122493
315,-0.0653374,-0.0537325,-0.102697
316,0.0145236,-0.0528008,-0.10736
317,0.0944481,-0.0572622,-0.0991007
318,0.171804,-0.0626082,-0.11295
319,0.263752,-0.0571687,-0.109363
320,0.357938,-0.0601816,-0.131458
321,0.409929,-0.0582104,-0.0934121
322,-0.369,-0.000654561,-0.13334
323,-0.318922,-0.000614748,-0.168421
324,-0.256681,0.00687175,-0.140011
325,-0.180638,-0.0038137,-0.154877
326,-0.106202,0.00090431,-0.156993
327,-0.025963,-0.00102886,-0.158151
328,0.057657,-0.0010818,-0.156273
329,0.136067,-0.000667612,-0.156133
330,0.214635,-0.0038897,-0.143289
331,0.305262,0.00228392,-0.1759
332,0.35461,0.00752224,-0.144559
333,0.40444,0.00923825,-0.110189
334,-0.428014,0.0571898,-0.0954247
335,-0.387664,0.0743461,-0.13112
336,-0.302685,0.0710914,-0.10358
337,-0.219179,0.0702516,-0.120298
338,-0.141635,0.0705482,-0.104612
339,-0.0632869,0.068477,-0.111749
340,0.0154407,0.0662512,-0.110774
341,0.0947553,0.0687494,-0.109058
342,0.173808,0.0721031,-0.100573
343,0.250446,0.0681054,-0.123868
344,0.326625,0.076184,-0.0977562
345,0.389896,0.0759555,-0.129782
346,0.435867,0.064059,-0.0886097
347,-0.408078,0.145932,-0.127186
348,-0.355091,0.136925,-0.162421
349,-0.261161,0.133485,-0.140839
350,-0.183491,0.132091,-0.157193
351,-0.103172,0.133351,-0.155157
352,-0.0228179,0.136115,-0.138774
353,0.0553391,0.136485,-0.135938
354,0.131766,0.133986,-0.159732
355,0.212527,0.136575,-0.15317
356,0.288357,0.144632,-0.13402
357,0.354044,0.129463,-0.162053
358,0.41229,0.137803,-0.122887
359,-0.457361,0.206977,-0.0897512
360,-0.413329,0.207501,-0.131272
361,-0.308435,0.195488,-0.115823
362,-0.2256,0.203853,-0.0985245
363,-0.144511,0.201156,-0.11351
364,-0.0653084,0.202011,-0.109647
365,0.0143872,0.204693,-0.110038
366,0.0943355,0.203212,-0.109663
367,0.172121,0.201604,-0.106246
368,0.249678,0.207129,-0.121367
369,0.333343,0.209996,-0.101802
370,0.421065,0.208165,-0.125674
371,0.460456,0.186214,-0.083585
372,-0.43064,0.268995,-0.125811
373,-0.375498,0.268835,-0.165154
374,-0.269202,0.262746,-0.14767
375,-0.183699,0.269774,-0.157492
376,-0.104097,0.269999,-0.137956
377,-0.0241801,0.269559,-0.145038
378,0.0556803,0.268954,-0.142784
379,0.13712,0.272228,-0.132653
380,0.213889,0.264079,-0.162066
381,0.290205,0.27068,-0.138473
382,0.379026,0.264122,-0.16204
383,0.42686,0.281222,-0.130513
384,-0.486855,0.326235,-0.0774544
385,-0.441395,0.328211,-0.123793
386,-0.370173,0.340238,-0.0960591
387,-0.297312,0.331704,-0.128332
388,-0.22021,0.335557,-0.105828
389,-0.142656,0.33665,-0.113439
390,-0.0627958,0.33639,-0.111125
391,0.0158375,0.336672,-0.111214
392,0.0942253,0.337559,-0.109106
393,0.175945,0.338289,-0.110755
394,0.255294,0.339043,-0.0977768
395,0.337969,0.333342,-0.112999
396,0.43152,0.353031,-0.135038
397,0.4692,0.326561,-0.0949871
398,-0.4431,0.390551,-0.12844
399,-0.391944,0.389825,-0.166607
400,-0.329107,0.405678,-0.134798
401,-0.257698,0.403101,-0.161441
402,-0.181074,0.401512,-0.155922
403,-0.102065,0.40237,-0.144513
404,-0.0245492,0.400744,-0.148654
405,0.0549545,0.402384,-0.147739
406,0.133349,0.40368,-0.141573
407,0.212682,0.404283,-0.158844
408,0.298258,0.397348,-0.144418
409,0.389584,0.402609,-0.169365
410,0.438876,0.426216,-0.135767
411,-0.496512,0.458379,-0.0817678
412,-0.457072,0.464411,-0.121956
413,-0.370947,0.475883,-0.101426
414,-0.292485,0.470688,-0.122057
415,-0.216262,0.467311,-0.107953
416,-0.138683,0.468273,-0.113041
417,-0.0625253,0.470822,-0.116649
418,0.0157587,0.469349,-0.0990853
419,0.0943253,0.470561,-0.11396
420,0.172919,0.468314,-0.111228
421,0.251926,0.464709,-0.101851
422,0.328661,0.46602,-0.127256
423,0.397625,0.465624,-0.0920476
424,0.479344,0.47136,-0.100222
425,-0.471245,0.536091,-0.114831
426,-0.426199,0.525416,-0.154583
427,-0.328834,0.536766,-0.138237
428,-0.255478,0.52802,-0.164189
429,-0.175928,0.53534,-0.139346
430,-0.100985,0.537821,-0.151751
431,-0.0246705,0.539486,-0.148752
432,0.0551074,0.536472,-0.145768
433,0.136518,0.534302,-0.1486
434,0.214828,0.536428,-0.134278
435,0.295905,0.533603,-0.158351
436,0.394663,0.536646,-0.178026
437,0.443834,0.511477,-0.139647
438,-0.508852,0.590983,-0.0836015
439,-0.473293,0.616248,-0.121041
440,-0.372483,0.59699,-0.111193
441,-0.289401,0.60366,-0.094781
442,-0.212652,0.599785,-0.110167
443,-0.139012,0.611605,-0.125221
444,-0.0639289,0.604727,-0.102567
445,0.0139484,0.607778,-0.105968
446,0.0916439,0.606272,-0.0991367
447,0.169461,0.605142,-0.113765
448,0.246492,0.600914,-0.10253
449,0.320962,0.594464,-0.12848
450,0.396429,0.598861,-0.0994616
451,0.483875,0.551171,-0.104118
452,0.531563,0.569786,-0.0561934
453,-0.464054,0.713395,-0.140284
454,-0.435109,0.658447,-0.160061
455,-0.330798,0.658585,-0.150196
456,-0.246168,0.669314,-0.124048
457,-0.175451,0.695084,-0.143674
458,-0.10311,0.689329,-0.156696
459,-0.0330108,0.681697,-0.148296
460,0.0611018,0.668088,-0.145898
461,0.138178,0.671951,-0.155222
462,0.215631,0.668688,-0.137587
463,0.281875,0.686837,-0.171965
464,0.350135,0.660265,-0.142896
465,0.429814,0.647896,-0.163364
466,0.496538,0.614216,-0.098113
467,-0.514285,0.753556,-0.0975191
468,-0.455884,0.713527,-0.0523787
469,-0.381664,0.711836,-0.116191
470,-0.304469,0.720319,-0.102156
471,-0.231365,0.767933,-0.104257
472,-0.147858,0.767318,-0.102078
473,-0.0709427,0.767834,-0.0962852
474,0.0276121,0.770866,-0.0851991
475,0.10238,0.730096,-0.113493
476,0.183669,0.722065,-0.106234
477,0.244722,0.76823,-0.0861152
478,0.325989,0.734774,-0.114323
479,0.401876,0.710958,-0.09814
480,0.476543,0.661745,-0.123117
481,0.539944,0.697379,-0.06108
482,-0.473559,0.774703,-0.132926
483,-0.397024,0.790115,-0.131576
484,-0.341839,0.791951,-0.119324
485,-0.277983,0.77628,-0.151089
486,-0.192213,0.767402,-0.1561
487,-0.108343,0.767376,-0.145316
488,-0.0185917,0.767376,-0.136409
489,0.0465936,0.767376,-0.153288
490,0.133352,0.813136,-0.0999599
491,0.180449,0.795501,-0.128601
492,0.26457,0.767006,-0.139978
493,0.3689,0.800882,-0.0952218
494,0.391453,0.786476,-0.138095
495,0.499696,0.710267,-0.105096
496,0.569836,0.760413,-0.0190442
497,-0.449697,-0.170658,-0.0141325
498,-0.372855,-0.177761,-0.0239581
499,-0.271979,-0.182208,-0.0281814
500,-0.207914,-0.184492,-0.0306257
501,-0.14412,-0.185339,-0.0284261
502,-0.0620468,-0.185205,-0.0293843
503,0.0134345,-0.185168,-0.0273167
504,0.0828639,-0.185187,-0.0225391
505,0.158,-0.185454,-0.0302719
506,0.24057,-0.184656,-0.00171741
507,0.315029,-0.179718,-0.0401015
508,0.408004,-0.176367,-0.0193282
509,0.464458,-0.166961,-0.00856682
510,-0.450027,-0.118939,-0.0419395
511,-0.411943,-0.165891,-0.0641176
512,-0.333469,-0.119234,-0.0436353
513,-0.257623,-0.117237,-0.080227
514,-0.179625,-0.128096,-0.0784596
515,-0.100089,-0.116989,-0.0658306
516,-0.0216459,-0.121183,-0.0699139
517,0.0580466,-0.123131,-0.0676698
518,0.142113,-0.131128,-0.0773498
519,0.212705,-0.180734,-0.0582812
520,0.288852,-0.119988,-0.0735578
521,0.396516,-0.117786,-0.095295
522,0.441322,-0.126953,-0.0491445
523,-0.492968,-0.0849999,0.00147806
524,-0.456955,-0.0578917,-0.0462764
525,-0.381429,-0.0568179,-0.0315384
526,-0.298606,-0.0536693,-0.0216115
527,-0.218383,-0.0586436,-0.0405498
528,-0.141837,-0.0587666,-0.0342495
529,-0.0633507,-0.0599286,-0.0229849
530,0.0150757,-0.0575252,-0.0281765
531,0.0958355,-0.0621173,-0.0228965
532,0.169373,-0.065378,-0.0352581
533,0.243686,-0.0656662,-0.0334878
534,0.324666,-0.0666516,-0.0435972
535,0.388546,-0.0705524,-0.0246289
536,0.468869,-0.0704174,-0.0319578
537,-0.467148,0.00628099,-0.0479557
538,-0.419355,-0.00534938,-0.0936681
539,-0.343415,0.00927538,-0.06935
540,-0.258258,0.0085385,-0.0641594
541,-0.182296,0.00187442,-0.0769842
542,-0.105506,0.00493225,-0.0725297
543,-0.02553,0.00782211,-0.0706462
544,0.0546827,0.00691477,-0.0700871
545,0.133643,0.00587609,-0.0720138
546,0.210783,0.00337298,-0.0658648
547,0.28841,0.00698059,-0.0871106
548,0.358289,0.00459094,-0.0578617
549,0.446302,-0.00904574,-0.0659135
550,0.487973,-0.0001502,-0.0250518
551,-0.510045,0.0792517,-0.010035
552,-0.473276,0.0735302,-0.0528285
553,-0.382778,0.0770151,-0.0410719
554,-0.301394,0.0733215,-0.0262845
555,-0.219919,0.0724355,-0.0366952
556,-0.143037,0.0710918,-0.0299976
557,-0.065118,0.0709255,-0.0322814
558,0.0141563,0.070434,-0.0303518
559,0.0932604,0.0713645,-0.0309902
560,0.171337,0.072271,-0.0264034
561,0.248689,0.0709449,-0.0399325
562,0.324074,0.0742396,-0.0223565
563,0.403349,0.0712933,-0.0279527
564,0.481883,0.0656738,-0.0427213
565,0.518076,0.0735554,0.00309644
566,-0.48577,0.153332,-0.0531598
567,-0.445251,0.127126,-0.0895996
568,-0.348164,0.132888,-0.0811352
569,-0.263134,0.135487,-0.0649182
570,-0.182624,0.136824,-0.0749128
571,-0.103315,0.13727,-0.074365
572,-0.0251457,0.136273,-0.0659671
573,0.0537861,0.136982,-0.0639936
574,0.132304,0.1375,-0.0747226
575,0.212494,0.138551,-0.0730789
576,0.289329,0.142641,-0.0606119
577,0.371603,0.142547,-0.0682329
578,0.458755,0.125223,-0.0757024
579,0.505696,0.137479,-0.0276613
580,-0.509608,0.218546,-0.0363797
581,-0.433605,0.199382,-0.0202298
582,-0.3711,0.198585,-0.0547736
583,-0.296915,0.201717,-0.0355361
584,-0.217819,0.203314,-0.0258354
585,-0.141073,0.20204,-0.0350791
586,-0.0629696,0.203128,-0.0308866
587,0.0151842,0.204474,-0.0308396
588,0.0938898,0.203475,-0.0308393
589,0.172965,0.203344,-0.0303051
590,0.25021,0.20773,-0.0367941
591,0.331547,0.207736,-0.0257619
592,0.411624,0.20899,-0.0360416
593,0.501936,0.204708,-0.0434153
594,0.536408,0.205479,0.0036672
595,-0.487157,0.26676,-0.0685847
596,-0.408282,0.272651,-0.0599624
597,-0.33718,0.265039,-0.0933945
598,-0.260733,0.269856,-0.0699541
599,-0.180627,0.269342,-0.0757567
600,-0.103214,0.269575,-0.0654663
601,-0.0241723,0.270233,-0.069327
602,0.0548879,0.270544,-0.0680561
603,0.134509,0.270929,-0.0614795
604,0.213327,0.270542,-0.0775038
605,0.293601,0.271824,-0.0628975
606,0.377949,0.273276,-0.0750051
607,0.464801,0.255998,-0.0892861
608,0.505587,0.277042,-0.0504671
609,-0.528927,0.321428,-0.0276517
610,-0.441461,0.344998,-0.0281702
611,-0.36416,0.335759,-0.0221516
612,-0.292626,0.33496,-0.0433571
613,-0.216551,0.335406,-0.0297689
614,-0.139993,0.33654,-0.0334074
615,-0.0621608,0.336666,-0.0315107
616,0.0157599,0.337011,-0.0317044
617,0.0942287,0.337382,-0.0299307
618,0.174026,0.337416,-0.0328314
619,0.252571,0.338312,-0.0253301
620,0.334369,0.337126,-0.0339665
621,0.418375,0.336491,-0.0433151
622,0.509902,0.348201,-0.055894
623,0.543969,0.346805,-0.00970899
624,-0.529245,0.385533,-0.0356973
625,-0.489137,0.392162,-0.0821021
626,-0.4124,0.412122,-0.0666718
627,-0.333099,0.406827,-0.0609146
628,-0.256934,0.402267,-0.0779615
629,-0.179093,0.402318,-0.0723593
630,-0.101437,0.40329,-0.0694075
631,-0.024023,0.40245,-0.0706174
632,0.0554006,0.402488,-0.0697803
633,0.133911,0.403286,-0.0672126
634,0.213258,0.402956,-0.0730819
635,0.298847,0.402254,-0.068374
636,0.380458,0.392808,-0.0820655
637,0.474919,0.396912,-0.0967859
638,0.514924,0.422276,-0.0588866
639,-0.566744,0.457827,0.00824009
640,-0.533516,0.455761,-0.0388082
641,-0.451079,0.479581,-0.0294687
642,-0.372087,0.474008,-0.0237294
643,-0.293084,0.47108,-0.0354128
644,-0.217277,0.468751,-0.0310671
645,-0.139622,0.469531,-0.0326666
646,-0.0630054,0.470454,-0.0349643
647,0.0149985,0.469162,-0.0254211
648,0.0931867,0.470383,-0.0335344
649,0.169769,0.468637,-0.031612
650,0.246702,0.467536,-0.0257856
651,0.322267,0.469227,-0.0414999
652,0.392179,0.460542,-0.0206873
653,0.464383,0.461797,-0.0239303
654,0.54539,0.478421,-0.0248022
655,-0.552693,0.524294,-0.0204616
656,-0.514777,0.524315,-0.0709314
657,-0.415884,0.538959,-0.0706202
658,-0.332438,0.537149,-0.0601759
659,-0.255165,0.533796,-0.0771473
660,-0.177775,0.536877,-0.0655285
661,-0.102133,0.536895,-0.0742991
662,-0.0244679,0.536547,-0.0705751
663,0.0536091,0.537561,-0.0682832
664,0.130505,0.537501,-0.0722573
665,0.204837,0.535776,-0.0612226
666,0.283947,0.532691,-0.0742112
667,0.358966,0.53343,-0.09089
668,0.432685,0.53543,-0.0559061
669,0.518578,0.510128,-0.0652329
670,-0.578019,0.598436,0.00605715
671,-0.545831,0.591538,-0.0390153
672,-0.458265,0.596513,-0.029655
673,-0.373756,0.597551,-0.0268524
674,-0.288503,0.603714,-0.0208125
675,-0.215853,0.604975,-0.0329629
676,-0.138279,0.605436,-0.0410992
677,-0.0600648,0.606265,-0.0304423
678,0.0150567,0.606576,-0.0330408
679,0.0915993,0.607025,-0.0255409
680,0.167541,0.607172,-0.0293953
681,0.242227,0.599352,-0.0256449
682,0.317433,0.594796,-0.0394494
683,0.394328,0.59558,-0.0210702
684,0.476581,0.60491,-0.0182697
685,0.566115,0.593379,-0.010168
686,-0.536095,0.655113,-0.0611361
687,-0.498423,0.676819,-0.102478
688,-0.420045,0.649084,-0.0768581
689,-0.336824,0.657103,-0.0662311
690,-0.246187,0.683352,-0.0522851
691,-0.177346,0.670397,-0.0778357
692,-0.0972103,0.674625,-0.0833427
693,-0.0175726,0.683068,-0.0800304
694,0.0483903,0.68625,-0.0702536
695,0.130652,0.667222,-0.0683763
696,0.213046,0.670366,-0.0525244
697,0.278175,0.669238,-0.0899985
698,0.350452,0.658411,-0.063352
699,0.435761,0.657013,-0.058062
700,0.540339,0.640799,-0.0531512
701,-0.587877,0.731961,0.00275565
702,-0.54846,0.716484,-0.0515248
703,-0.45445,0.778703,-0.0111177
704,-0.379577,0.721475,-0.03649
705,-0.30367,0.71923,-0.0180325
706,-0.233108,0.769016,-0.0189899
707,-0.137508,0.723078,-0.0384241
708,-0.0501263,0.715726,-0.0269346
709,0.0287874,0.769633,-0.0098231
710,0.093809,0.738878,-0.0290966
711,0.167866,0.725751,-0.0233834
712,0.246172,0.767893,-0.0194243
713,0.29848,0.718521,-0.035421
714,0.381786,0.724065,-0.0218271
715,0.467818,0.708313,-0.0136748
716,0.579078,0.698556,-0.00583324
717,-0.554804,0.778267,-0.0529808
718,-0.496716,0.782442,-0.0682129
719,-0.420415,0.785374,-0.0742924
720,-0.354461,0.794953,-0.0586546
721,-0.288331,0.780804,-0.0695214
722,-0.189137,0.767576,-0.0577242
723,-0.101538,0.782412,-0.0362747
724,-0.0261701,0.775537,-0.0544405
725,0.0810184,0.79344,-0.0828704
726,0.129214,0.813975,-0.0450266
727,0.18574,0.792753,-0.0640854
728,0.314139,0.784829,-0.0673821
729,0.373768,0.800384,-0.0387357
730,0.432309,0.781581,-0.0860796
731,0.452823,0.774587,-0.0339421
732,0.599871,0.766914,0.0159855
733,-0.512247,-0.171292,0.0692756
734,-0.442771,-0.177687,0.0471021
735,-0.364901,-0.182555,0.0582209
736,-0.282832,-0.185457,0.0582611
737,-0.217283,-0.185153,0.0386944
738,-0.142555,-0.184895,0.0485708
739,-0.0611351,-0.184724,0.0533957
740,0.0162374,-0.18473,0.0476926
741,0.0894791,-0.18478,0.0508381
742,0.177872,-0.184999,0.0458512
743,0.248244,-0.185171,0.0595325
744,0.317004,-0.184981,0.0557786
745,0.395832,-0.180885,0.0617076
746,0.459696,-0.177069,0.0561196
747,0.519547,-0.171366,0.0809633
748,-0.49384,-0.153125,0.0188721
749,-0.395262,-0.123372,0.0215426
750,-0.322236,-0.182255,0.00933377
751,-0.262914,-0.123159,0.00566496
752,-0.181202,-0.123013,0.00379752
753,-0.10345,-0.150756,0.00840338
754,-0.0250964,-0.137732,0.00815906
755,0.0526814,-0.127054,0.0104769
756,0.131708,-0.143915,0.0080861
757,0.207296,-0.121932,0.00229567
758,0.292385,-0.133879,0.00448801
759,0.356914,-0.180127,0.00528207
760,0.428446,-0.102804,0.0242017
761,0.49787,-0.139911,0.0211182
762,-0.528113,-0.0867681,0.0518425
763,-0.445398,-0.0488738,0.0365349
764,-0.366712,-0.0590018,0.0462908
765,-0.292802,-0.0633876,0.0509759
766,-0.214095,-0.061491,0.0435678
767,-0.138289,-0.0653985,0.0446379
768,-0.0632741,-0.0656854,0.0492939
769,0.013721,-0.062711,0.0488578
770,0.0934368,-0.0657774,0.0518011
771,0.167606,-0.0640873,0.0465144
772,0.24866,-0.0594917,0.0471798
773,0.326884,-0.0691554,0.0361806
774,0.399499,-0.0510415,0.0606533
775,0.506871,-0.0667912,0.017348
776,0.545671,-0.0536892,0.0718541
777,-0.534707,-0.0198874,0.0463307
778,-0.503249,-0.00109513,-0.00322794
779,-0.414145,0.0147153,-0.00235167
780,-0.33767,0.00966435,0.0105468
781,-0.257052,0.00712395,0.0118908
782,-0.180504,0.00463224,0.0041656
783,-0.103008,0.00434249,0.00841819
784,-0.0248164,0.00551239,0.0100234
785,0.0538527,0.00472441,0.0101626
786,0.131,0.00369038,0.0079038
787,0.20717,0.00254296,0.0105406
788,0.281974,0.00147944,-0.00225764
789,0.353936,0.00473796,0.0185685
790,0.432574,0.00284178,0.0140406
791,0.521341,0.00190018,0.0222856
792,-0.569323,0.0836168,0.082574
793,-0.539118,0.0541312,0.0369643
794,-0.458226,0.066522,0.0388191
795,-0.376797,0.0762581,0.0420861
796,-0.298045,0.0734975,0.0496816
797,-0.218773,0.0719869,0.0445871
798,-0.141241,0.071038,0.0476519
799,-0.0636814,0.0711891,0.0470617
800,0.0144468,0.0708171,0.0488199
801,0.0923556,0.0709264,0.0476224
802,0.169397,0.0715625,0.0501306
803,0.245773,0.0691635,0.0414253
804,0.319043,0.0722207,0.0531798
805,0.395857,0.0742476,0.0493962
806,0.470212,0.0736357,0.0510124
807,0.554167,0.0761965,0.0553502
808,-0.554753,0.135919,0.0430988
809,-0.520429,0.143025,-0.00779768
810,-0.427114,0.128074,-0.00193536
811,-0.342924,0.140277,0.000734795
812,-0.261109,0.137515,0.0113474
813,-0.181314,0.136711,0.00590413
814,-0.103012,0.137468,0.00653789
815,-0.0247888,0.137219,0.0108586
816,0.0536286,0.137576,0.0120292
817,0.131737,0.13819,0.00707889
818,0.210322,0.138057,0.0056115
819,0.285929,0.140575,0.0133043
820,0.365717,0.140621,0.00946013
821,0.443869,0.140251,0.00388763
822,0.543503,0.137976,0.0264267
823,-0.576001,0.202945,0.0653987
824,-0.54403,0.204563,0.0145882
825,-0.46964,0.19878,0.0466895
826,-0.379984,0.198644,0.0402928
827,-0.30105,0.203775,0.0434096
828,-0.220704,0.203686,0.0500647
829,-0.141982,0.203047,0.0450176
830,-0.0637,0.203497,0.0477051
831,0.0144705,0.204347,0.047826
832,0.092559,0.203962,0.0479266
833,0.170473,0.203563,0.047563
834,0.246771,0.206086,0.0445606
835,0.324663,0.20607,0.0505829
836,0.401255,0.207553,0.0429752
837,0.477177,0.206977,0.0410312
838,0.569314,0.196468,0.0543942
839,-0.54594,0.271127,0.00550994
840,-0.474381,0.272733,0.00914557
841,-0.400408,0.268918,0.0188065
842,-0.330597,0.264841,-0.00541857
843,-0.256059,0.269534,0.00892076
844,-0.178105,0.269741,0.00599625
845,-0.10142,0.26968,0.0108434
846,-0.0234282,0.27045,0.00891155
847,0.054684,0.27057,0.00949544
848,0.133381,0.27082,0.0132353
849,0.211553,0.271048,0.00389625
850,0.290484,0.272054,0.0126319
851,0.371007,0.274753,0.00428971
852,0.450488,0.273166,-0.00180116
853,0.539284,0.275619,-0.00467524
854,0.57148,0.26539,0.0434412
855,-0.582508,0.331444,0.0492797
856,-0.522209,0.342751,0.0391927
857,-0.446051,0.339102,0.0524355
858,-0.369964,0.337571,0.053604
859,-0.294462,0.333511,0.040937
860,-0.217801,0.33669,0.048323
861,-0.140339,0.336577,0.0464371
862,-0.0625579,0.336894,0.0473202
863,0.0153357,0.337082,0.0471772
864,0.0933823,0.337336,0.0482794
865,0.171966,0.337347,0.0461876
866,0.249847,0.337864,0.0500563
867,0.329298,0.338009,0.0457011
868,0.40964,0.336879,0.0404826
869,0.48972,0.33173,0.0384981
870,0.577171,0.333911,0.0391233
871,0.602884,0.341484,0.0907954
872,-0.567531,0.393309,0.0174618
873,-0.478458,0.411114,0.0107412
874,-0.402534,0.405547,0.0133595
875,-0.326121,0.40421,0.0141893
876,-0.253327,0.401691,0.00303524
877,-0.17712,0.403011,0.00863065
878,-0.100419,0.403437,0.00853158
879,-0.0235091,0.403018,0.00860498
880,0.0550127,0.403218,0.00917151
881,0.132946,0.40351,0.0100914
882,0.211382,0.403035,0.00843255
883,0.292188,0.403721,0.00872536
884,0.372811,0.396046,0.00229386
885,0.457975,0.391029,-0.00396466
886,0.550384,0.410192,-0.00878866
887,0.585417,0.403805,0.0429315
888,-0.596837,0.467916,0.0553158
889,-0.513802,0.47369,0.0521875
890,-0.440007,0.472933,0.0505126
891,-0.365444,0.471505,0.0532646
892,-0.29014,0.470769,0.0465822
893,-0.215299,0.469143,0.0472382
894,-0.138663,0.470522,0.046325
895,-0.0623541,0.470626,0.0450758
896,0.0159389,0.469576,0.0500703
897,0.0945466,0.470398,0.0460468
898,0.172189,0.470025,0.0474798
899,0.251133,0.469167,0.0507582
900,0.33071,0.466642,0.0429715
901,0.413554,0.462767,0.0518784
902,0.499172,0.46116,0.0462218
903,0.581099,0.470629,0.0264924
904,0.608106,0.466666,0.0799162
905,-0.589764,0.531771,0.0309651
906,-0.491996,0.542221,0.0131668
907,-0.411567,0.540051,0.0128458
908,-0.331163,0.539113,0.0176487
909,-0.254678,0.535771,0.00576032
910,-0.177637,0.537928,0.00994849
911,-0.101243,0.538254,0.0049114
912,-0.0236433,0.536355,0.00727183
913,0.0551261,0.536244,0.00896584
914,0.132388,0.537503,0.00711126
915,0.206805,0.537614,0.0165205
916,0.284101,0.533304,0.00882926
917,0.357483,0.53168,0.00227232
918,0.434197,0.530617,0.0222319
919,0.507912,0.535295,0.013426
920,0.578587,0.535278,0.0149766
921,-0.607087,0.599904,0.0540158
922,-0.521947,0.61737,0.0517992
923,-0.447462,0.60928,0.0526132
924,-0.370353,0.605418,0.0561886
925,-0.288958,0.60714,0.0581865
926,-0.218001,0.605859,0.0439981
927,-0.141486,0.604272,0.0430061
928,-0.0609073,0.600593,0.0474525
929,0.0181789,0.600545,0.0450468
930,0.0978437,0.603198,0.0487602
931,0.170823,0.615443,0.048997
932,0.240839,0.606804,0.0536363
933,0.314978,0.600298,0.0477997
934,0.389851,0.592466,0.0584129
935,0.466296,0.598328,0.062214
936,0.538129,0.607248,0.0628021
937,0.607446,0.588811,0.0569227
938,-0.609491,0.669111,0.0469455
939,-0.576213,0.666107,-0.00533012
940,-0.493953,0.665257,-0.00142916
941,-0.411693,0.659124,0.00733158
942,-0.328468,0.65716,0.0154715
943,-0.248975,0.686049,0.0252872
944,-0.182369,0.672736,0.00260125
945,-0.0992591,0.661277,0.00534556
946,-0.0141086,0.670078,0.0125158
947,0.0544628,0.673631,0.00253613
948,0.13274,0.674438,0.0201351
949,0.211183,0.693058,0.0274172
950,0.273523,0.661197,0.00399602
951,0.352455,0.65819,0.0147636
952,0.430012,0.65679,0.0282472
953,0.51446,0.673573,0.0274974
954,0.590022,0.645328,0.0170129
955,-0.625132,0.72759,0.0701564
956,-0.535151,0.715299,0.0499923
957,-0.44998,0.719526,0.0372325
958,-0.364769,0.717651,0.0482555
959,-0.279892,0.768887,0.0617437
960,-0.208747,0.767982,0.0416657
961,-0.133128,0.719868,0.0460023
962,-0.0457982,0.730233,0.0547621
963,-0.000793497,0.780249,0.0604249
964,0.0675752,0.730149,0.0493844
965,0.173625,0.770714,0.0624192
966,0.246817,0.767303,0.0479548
967,0.312048,0.716819,0.0475361
968,0.396091,0.717517,0.0609331
969,0.474131,0.758802,0.0627054
970,0.543427,0.760565,0.0620166
971,0.617861,0.708507,0.0581117
972,-0.617491,0.780814,0.0397687
973,-0.574711,0.791573,-0.00503285
974,-0.51686,0.7879,0.001523
975,-0.400504,0.787301,0.00614253
976,-0.345346,0.795229,0.00197726
977,-0.288905,0.782849,0.00278385
978,-0.154389,0.780323,0.00872449
979,-0.10116,0.793295,0.0349356
980,-0.0501972,0.782574,0.00715615
981,0.0826032,0.797712,0.0230519
982,0.130711,0.812979,0.00856569
983,0.185673,0.791241,0.00107316
984,0.311614,0.784241,0.00365722
985,0.366935,0.799984,0.0179265
986,0.424928,0.782164,0.0201958
987,0.511248,0.767596,0.00057891
988,0.617621,0.776288,0.0503262
989,-0.534686,-0.1742,0.124399
990,-0.468522,-0.17925,0.13403
991,-0.361828,-0.185322,0.137431
992,-0.295423,-0.185068,0.124431
993,-0.220369,-0.184768,0.122647
994,-0.138727,-0.184481,0.125327
995,-0.0637104,-0.184319,0.125233
996,0.0134984,-0.18428,0.124448
997,0.0909155,-0.184336,0.130569
998,0.174935,-0.184585,0.12739
999,0.249143,-0.184869,0.126355
1000,0.323154,-0.185251,0.123899
1001,0.39046,-0.184486,0.132365
1002,0.467516,-0.179182,0.130102
1003,0.540407,-0.174037,0.13984
1004,-0.54602,-0.124621,0.0943258
1005,-0.455491,-0.113254,0.081241
1006,-0.414292,-0.181644,0.104384
1007,-0.342024,-0.127477,0.0833347
1008,-0.259609,-0.127961,0.0852238
1009,-0.18292,-0.146144,0.084294
1010,-0.103974,-0.132086,0.0870946
1011,-0.0236907,-0.135252,0.0879187
1012,0.0552089,-0.136128,0.0896331
1013,0.134665,-0.151305,0.0875601
1014,0.210275,-0.129375,0.0876059
1015,0.288713,-0.122566,0.0836509
1016,0.365002,-0.127087,0.0865377
1017,0.445884,-0.12055,0.0976248
1018,0.532396,-0.11707,0.0646284
1019,0.5584,-0.120598,0.119776
1020,-0.578633,-0.0905967,0.153344
1021,-0.560061,-0.0546941,0.102746
1022,-0.460185,-0.0543326,0.124659
1023,-0.381429,-0.0620683,0.121418
1024,-0.298532,-0.0593314,0.128173
1025,-0.21814,-0.0620187,0.122484
1026,-0.14198,-0.0617634,0.122165
1027,-0.062991,-0.0603718,0.125987
1028,0.0158263,-0.0609192,0.125626
1029,0.0944994,-0.0625347,0.124954
1030,0.170915,-0.0629189,0.121756
1031,0.248749,-0.0589365,0.128415
1032,0.32913,-0.0582732,0.121074
1033,0.406912,-0.0598181,0.134505
1034,0.487248,-0.0598097,0.111431
1035,0.57525,-0.0561923,0.13596
1036,-0.566957,0.0141837,0.0964599
1037,-0.485033,0.00375964,0.0841467
1038,-0.405568,0.00725002,0.0833646
1039,-0.330868,0.00503328,0.0886987
1040,-0.253718,0.0042879,0.0886928
1041,-0.17748,0.00323556,0.0846307
1042,-0.101081,0.00356128,0.0868887
1043,-0.0237677,0.00393349,0.0884322
1044,0.0545034,0.00370628,0.0881288
1045,0.132622,0.00391968,0.0872529
1046,0.211766,0.00442495,0.088299
1047,0.291476,0.00164246,0.0816803
1048,0.372827,0.0103055,0.0959667
1049,0.462883,0.00224811,0.0844579
1050,0.553896,0.0104763,0.0698288
1051,0.579849,0.0122401,0.124812
1052,-0.595399,0.065392,0.143469
1053,-0.514666,0.0700995,0.122527
1054,-0.440309,0.0728994,0.120235
1055,-0.367102,0.0721629,0.122306
1056,-0.291537,0.0712671,0.127355
1057,-0.215263,0.0704703,0.12438
1058,-0.139178,0.0702258,0.125937
1059,-0.0622444,0.0703787,0.126024
1060,0.0155175,0.070338,0.126932
1061,0.0938223,0.0707429,0.125977
1062,0.172766,0.0711715,0.126792
1063,0.251775,0.0696592,0.122233
1064,0.331709,0.071775,0.128424
1065,0.416078,0.073189,0.12554
1066,0.498486,0.0679621,0.123817
1067,0.581165,0.0770544,0.109938
1068,0.605973,0.0801437,0.1649
1069,-0.587083,0.143019,0.104454
1070,-0.492154,0.131774,0.0748422
1071,-0.414693,0.138685,0.0795824
1072,-0.335896,0.139097,0.082736
1073,-0.257177,0.137888,0.0892186
1074,-0.179251,0.13728,0.0861215
1075,-0.10185,0.137285,0.0869187
1076,-0.0241629,0.137217,0.0892175
1077,0.0537624,0.137306,0.0898917
1078,0.131397,0.137673,0.0878304
1079,0.209092,0.137132,0.085895
1080,0.284476,0.138916,0.0909896
1081,0.36172,0.140308,0.0894833
1082,0.435681,0.143087,0.0866606
1083,0.509025,0.142916,0.0871224
1084,0.582234,0.139679,0.0951504
1085,-0.605241,0.206823,0.127167
1086,-0.524128,0.202459,0.115056
1087,-0.447687,0.200599,0.122489
1088,-0.371754,0.20435,0.120485
1089,-0.295051,0.204161,0.12295
1090,-0.217239,0.204124,0.12675
1091,-0.140147,0.203444,0.124134
1092,-0.0627165,0.203657,0.125882
1093,0.015018,0.20405,0.126017
1094,0.0929199,0.203843,0.12631
1095,0.171041,0.203674,0.125752
1096,0.248353,0.204845,0.124929
1097,0.328212,0.206045,0.128217
1098,0.408875,0.207811,0.124507
1099,0.49217,0.207084,0.12587
1100,0.595518,0.205025,0.107001
1101,0.61997,0.213396,0.160031
1102,-0.606693,0.271717,0.114725
1103,-0.580166,0.267545,0.0589853
1104,-0.502812,0.269368,0.0839302
1105,-0.420698,0.267072,0.0908865
1106,-0.338476,0.267793,0.0809044
1107,-0.260006,0.270112,0.0874064
1108,-0.180607,0.270047,0.0864112
1109,-0.102699,0.270028,0.0886118
1110,-0.0244417,0.270441,0.0879758
1111,0.0534623,0.270545,0.0883411
1112,0.13136,0.270506,0.0903586
1113,0.208389,0.270657,0.0853501
1114,0.28538,0.271117,0.0906793
1115,0.362989,0.271669,0.085041
1116,0.438985,0.270838,0.0817767
1117,0.51497,0.265931,0.0846379
1118,0.598697,0.271435,0.0978195
1119,-0.611376,0.33772,0.109495
1120,-0.536897,0.333629,0.120865
1121,-0.457093,0.337479,0.126152
1122,-0.37759,0.334985,0.126969
1123,-0.298408,0.335791,0.121323
1124,-0.219892,0.336601,0.125206
1125,-0.141457,0.336835,0.124588
1126,-0.0632893,0.33697,0.12506
1127,0.0146716,0.337114,0.125245
1128,0.0924778,0.337303,0.125948
1129,0.170055,0.337219,0.12479
1130,0.246564,0.337597,0.127071
1131,0.323338,0.337357,0.124974
1132,0.398419,0.336374,0.121916
1133,0.47129,0.336264,0.120043
1134,0.543007,0.331507,0.12575
1135,0.629885,0.343905,0.1486
1136,-0.627636,0.404088,0.131836
1137,-0.598549,0.399207,0.0711562
1138,-0.505183,0.40362,0.0895886
1139,-0.420325,0.405195,0.0923422
1140,-0.338105,0.403257,0.0918805
1141,-0.259172,0.402133,0.0849949
1142,-0.18043,0.403328,0.0883103
1143,-0.102165,0.403632,0.0873815
1144,-0.0242091,0.403565,0.0877967
1145,0.0543474,0.403615,0.088294
1146,0.132325,0.403968,0.0883448
1147,0.20994,0.404241,0.0883186
1148,0.288344,0.403786,0.0879951
1149,0.3666,0.402481,0.0838992
1150,0.44584,0.399566,0.0788286
1151,0.523906,0.395714,0.0781646
1152,0.615086,0.403707,0.106007
1153,-0.643778,0.478122,0.159029
1154,-0.621094,0.464839,0.107914
1155,-0.541853,0.467749,0.123946
1156,-0.460154,0.471414,0.127405
1157,-0.3792,0.470839,0.128636
1158,-0.298833,0.469776,0.125371
1159,-0.22051,0.469596,0.124574
1160,-0.141591,0.4702,0.124437
1161,-0.0634697,0.470263,0.123921
1162,0.0154127,0.469671,0.126489
1163,0.0938708,0.470601,0.124418
1164,0.170602,0.471323,0.125493
1165,0.247254,0.47146,0.127711
1166,0.323835,0.469218,0.123439
1167,0.400711,0.467441,0.127065
1168,0.47693,0.464207,0.122026
1169,0.551746,0.468125,0.117458
1170,0.636058,0.459553,0.140318
1171,-0.620683,0.532888,0.0950113
1172,-0.550227,0.544603,0.0875099
1173,-0.479186,0.542159,0.0945527
1174,-0.406905,0.540053,0.0922219
1175,-0.331139,0.538683,0.0960543
1176,-0.254868,0.537267,0.0873208
1177,-0.178907,0.537843,0.0876119
1178,-0.102298,0.537059,0.0857628
1179,-0.0232271,0.53533,0.0866762
1180,0.0567103,0.536178,0.087517
1181,0.13476,0.538511,0.0864083
1182,0.209787,0.539016,0.0928994
1183,0.287603,0.5358,0.0883964
1184,0.365504,0.529325,0.0877753
1185,0.448363,0.531723,0.0990114
1186,0.530565,0.534714,0.09119
1187,0.611047,0.529738,0.0750803
1188,0.639322,0.522233,0.136069
1189,-0.653049,0.614601,0.154726
1190,-0.630389,0.605314,0.10303
1191,-0.534353,0.607836,0.130019
1192,-0.455053,0.613108,0.128401
1193,-0.376677,0.609836,0.130282
1194,-0.296744,0.607188,0.130803
1195,-0.219802,0.607916,0.121307
1196,-0.143962,0.604642,0.12287
1197,-0.0632774,0.599325,0.12559
1198,0.018009,0.599805,0.123932
1199,0.0991388,0.605752,0.125194
1200,0.172538,0.612124,0.122299
1201,0.248409,0.604726,0.130111
1202,0.327885,0.600369,0.125372
1203,0.410632,0.602865,0.133734
1204,0.488302,0.613557,0.131899
1205,0.56649,0.6149,0.132854
1206,0.63686,0.585199,0.120301
1207,-0.640195,0.673277,0.112049
1208,-0.564288,0.670853,0.108585
1209,-0.48258,0.681993,0.0978955
1210,-0.406463,0.68135,0.099648
1211,-0.32371,0.679879,0.0935528
1212,-0.255045,0.700736,0.0930455
1213,-0.185816,0.671277,0.0827221
1214,-0.0976429,0.663086,0.0868248
1215,-0.015536,0.665153,0.0881792
1216,0.0639054,0.663286,0.084832
1217,0.131349,0.703099,0.0931682
1218,0.20474,0.691013,0.096674
1219,0.275635,0.671015,0.0929489
1220,0.371124,0.659982,0.0996746
1221,0.4619,0.684267,0.0957565
1222,0.542125,0.690103,0.0964669
1223,0.621317,0.653248,0.0752855
1224,0.64739,0.648605,0.131243
1225,-0.655974,0.727049,0.136283
1226,-0.575585,0.769802,0.127602
1227,-0.518285,0.76753,0.121531
1228,-0.44399,0.767954,0.118574
1229,-0.365116,0.767336,0.127547
1230,-0.297007,0.767811,0.127625
1231,-0.197213,0.767981,0.167853
1232,-0.143275,0.723064,0.128341
1233,-0.0556067,0.726054,0.129863
1234,0.0328473,0.730747,0.118317
1235,0.0936623,0.778131,0.139975
1236,0.158505,0.767292,0.143299
1237,0.275381,0.771629,0.131069
1238,0.331186,0.716071,0.128565
1239,0.396608,0.764376,0.155015
1240,0.461244,0.747873,0.145791
1241,0.521956,0.763526,0.129585
1242,0.654406,0.711173,0.135154
1243,-0.644477,0.782521,0.104233
1244,-0.571943,0.785445,0.0606834
1245,-0.491584,0.772821,0.0614409
1246,-0.413414,0.778541,0.0701534
1247,-0.345986,0.780948,0.0661297
1248,-0.223743,0.767438,0.106799
1249,-0.155485,0.778482,0.0866552
1250,-0.0884489,0.791764,0.0928003
1251,-0.0281896,0.796033,0.120963
1252,0.0568349,0.801918,0.084649
1253,0.118545,0.788552,0.0745435
1254,0.217815,0.767376,0.111363
1255,0.30455,0.782195,0.0765049
1256,0.363473,0.79286,0.0758518
1257,0.417891,0.773438,0.0943753
1258,0.586386,0.792071,0.101528
1259,0.636151,0.76022,0.100629
1260,-0.567675,-0.174562,0.21731
1261,-0.504593,-0.178796,0.200257
1262,-0.435445,-0.183778,0.201724
1263,-0.369466,-0.185147,0.204018
1264,-0.296134,-0.184837,0.192843
1265,-0.216438,-0.184477,0.189501
1266,-0.140314,-0.184167,0.190439
1267,-0.0615859,-0.18395,0.189906
1268,0.0184943,-0.183891,0.191223
1269,0.0984885,-0.183994,0.198321
1270,0.172458,-0.184264,0.195979
1271,0.246746,-0.184601,0.193213
1272,0.32075,-0.184958,0.193781
1273,0.404745,-0.185322,0.202789
1274,0.490354,-0.179813,0.199468
1275,0.56183,-0.175939,0.214962
1276,-0.570642,-0.157744,0.160962
1277,-0.495515,-0.116742,0.159684
1278,-0.413756,-0.127797,0.157898
1279,-0.335907,-0.122812,0.165137
1280,-0.257776,-0.127772,0.165086
1281,-0.179701,-0.125592,0.163277
1282,-0.101781,-0.124835,0.166845
1283,-0.0235753,-0.125525,0.166989
1284,0.0547573,-0.126886,0.167819
1285,0.133484,-0.128257,0.164913
1286,0.210879,-0.125661,0.172052
1287,0.287595,-0.125268,0.161247
1288,0.362306,-0.130179,0.181303
1289,0.43893,-0.135336,0.174948
1290,0.512547,-0.107491,0.173134
1291,0.579878,-0.147301,0.177449
1292,-0.601841,-0.0525053,0.21155
1293,-0.528986,-0.0567895,0.188412
1294,-0.448105,-0.0604718,0.204646
1295,-0.37253,-0.060876,0.200013
1296,-0.29306,-0.0638029,0.20641
1297,-0.217126,-0.0650866,0.203169
1298,-0.140206,-0.0642567,0.203942
1299,-0.0626756,-0.0646409,0.206121
1300,0.0143256,-0.064247,0.205913
1301,0.0919804,-0.0621052,0.202706
1302,0.170737,-0.0601403,0.200361
1303,0.250928,-0.0609069,0.213397
1304,0.325518,-0.0592809,0.200762
1305,0.403708,-0.0611735,0.204933
1306,0.482259,-0.0550514,0.209142
1307,0.591207,-0.0855783,0.188897
1308,0.607455,-0.0411266,0.227049
1309,-0.607985,0.0203425,0.198424
1310,-0.588934,-0.0117759,0.150956
1311,-0.501499,0.00321309,0.162655
1312,-0.416424,0.00447757,0.165244
1313,-0.337024,0.00331811,0.167705
1314,-0.256995,0.00298856,0.168705
1315,-0.179475,0.00254706,0.166464
1316,-0.102068,0.00282629,0.16775
1317,-0.024197,0.00323768,0.169092
1318,0.0534835,0.00363967,0.167934
1319,0.131402,0.00435516,0.1668
1320,0.209513,0.0035975,0.16738
1321,0.286414,0.00424748,0.164134
1322,0.364009,0.00588261,0.172617
1323,0.442327,0.00662781,0.163663
1324,0.518649,-0.00515752,0.157278
1325,0.600656,0.000874156,0.18027
1326,-0.617721,0.0845969,0.206118
1327,-0.534249,0.0653345,0.198539
1328,-0.453947,0.0676189,0.198387
1329,-0.374901,0.0680422,0.199746
1330,-0.296413,0.0678211,0.203114
1331,-0.217895,0.0678401,0.202046
1332,-0.140452,0.0677352,0.202955
1333,-0.0630387,0.0681335,0.203242
1334,0.0144786,0.0686621,0.203549
1335,0.0920875,0.0690804,0.203001
1336,0.169731,0.0696336,0.202512
1337,0.247047,0.0695608,0.199915
1338,0.322523,0.0703976,0.202999
1339,0.399832,0.0720703,0.201109
1340,0.47331,0.0734012,0.200031
1341,0.546714,0.073628,0.191917
1342,0.617894,0.0496263,0.222665
1343,-0.614665,0.135614,0.171627
1344,-0.549837,0.137702,0.160289
1345,-0.478319,0.137286,0.166625
1346,-0.40536,0.137527,0.163298
1347,-0.330695,0.137664,0.165554
1348,-0.254543,0.136858,0.169225
1349,-0.177818,0.13632,0.167214
1350,-0.100956,0.136361,0.167845
1351,-0.0236432,0.136516,0.168879
1352,0.0541505,0.1367,0.169194
1353,0.132085,0.136995,0.168142
1354,0.210484,0.136938,0.166301
1355,0.288671,0.137811,0.168379
1356,0.368999,0.138817,0.166546
1357,0.448739,0.14004,0.165734
1358,0.530931,0.144001,0.160966
1359,0.611236,0.146129,0.15664
1360,-0.639733,0.239169,0.223146
1361,-0.62421,0.194535,0.18277
1362,-0.530643,0.202881,0.198107
1363,-0.451787,0.204342,0.200537
1364,-0.372377,0.203226,0.199942
1365,-0.294841,0.203632,0.200421
1366,-0.216863,0.203054,0.202561
1367,-0.13952,0.202665,0.201167
1368,-0.062208,0.202782,0.202091
1369,0.0153224,0.203079,0.202077
1370,0.0930162,0.203055,0.202282
1371,0.170874,0.202755,0.201873
1372,0.248418,0.203212,0.20145
1373,0.327063,0.203106,0.203294
1374,0.405703,0.203264,0.200661
1375,0.482102,0.202253,0.205595
1376,0.560751,0.199318,0.201286
1377,0.6341,0.196855,0.219075
1378,-0.631067,0.276593,0.175672
1379,-0.559686,0.266622,0.164723
1380,-0.484573,0.270163,0.162064
1381,-0.40892,0.269746,0.168985
1382,-0.332585,0.270033,0.163616
1383,-0.255687,0.270464,0.167453
1384,-0.178187,0.270326,0.167264
1385,-0.101045,0.270086,0.168229
1386,-0.0234527,0.270266,0.168187
1387,0.0542403,0.270303,0.16851
1388,0.132281,0.270188,0.169497
1389,0.210054,0.270116,0.16711
1390,0.28885,0.270239,0.169917
1391,0.369026,0.270113,0.166535
1392,0.45082,0.26858,0.164571
1393,0.537283,0.260011,0.163244
1394,0.624192,0.279114,0.151392
1395,0.639313,0.274108,0.208142
1396,-0.649738,0.330667,0.224906
1397,-0.634871,0.339533,0.165799
1398,-0.540607,0.336706,0.19808
1399,-0.45356,0.337264,0.200792
1400,-0.37243,0.336337,0.201485
1401,-0.294367,0.33628,0.19903
1402,-0.216751,0.337077,0.200985
1403,-0.139392,0.336861,0.200751
1404,-0.0619052,0.336908,0.200742
1405,0.0156405,0.336993,0.201053
1406,0.0932983,0.33711,0.20127
1407,0.171257,0.336937,0.200783
1408,0.249276,0.336831,0.201877
1409,0.328357,0.335978,0.200868
1410,0.407966,0.334047,0.19909
1411,0.48742,0.33126,0.198119
1412,0.567511,0.324816,0.200115
1413,0.646931,0.345274,0.210422
1414,-0.646498,0.401308,0.192371
1415,-0.564016,0.397442,0.157515
1416,-0.487945,0.402938,0.166806
1417,-0.410453,0.402883,0.169794
1418,-0.333144,0.402804,0.169067
1419,-0.256371,0.402885,0.1656
1420,-0.178872,0.403621,0.168087
1421,-0.101399,0.403737,0.167166
1422,-0.0238265,0.403676,0.167816
1423,0.0543394,0.403675,0.168525
1424,0.132071,0.403927,0.168338
1425,0.20903,0.404272,0.169122
1426,0.285828,0.404146,0.169375
1427,0.361507,0.402491,0.167283
1428,0.436431,0.401026,0.165757
1429,0.508441,0.400571,0.166976
1430,0.578814,0.401249,0.166744
1431,0.645396,0.406233,0.187144
1432,-0.659399,0.464189,0.222377
1433,-0.587199,0.469065,0.195133
1434,-0.514572,0.476337,0.199451
1435,-0.442001,0.473406,0.200279
1436,-0.367457,0.472698,0.201489
1437,-0.292635,0.470894,0.200323
1438,-0.216614,0.470435,0.200176
1439,-0.139723,0.470734,0.200486
1440,-0.0626794,0.470227,0.200229
1441,0.015855,0.469318,0.201631
1442,0.0943239,0.470138,0.200241
1443,0.171449,0.471792,0.200852
1444,0.24816,0.472565,0.202215
1445,0.324947,0.472845,0.199771
1446,0.401484,0.47081,0.201129
1447,0.478412,0.47134,0.198451
1448,0.553713,0.471977,0.192676
1449,0.653403,0.469259,0.198845
1450,-0.646481,0.546737,0.149686
1451,-0.570255,0.540027,0.164717
1452,-0.490814,0.545558,0.173451
1453,-0.412882,0.542249,0.16945
1454,-0.33537,0.543389,0.173493
1455,-0.25993,0.538222,0.166888
1456,-0.181582,0.536973,0.165591
1457,-0.103009,0.536332,0.166825
1458,-0.022964,0.535671,0.166222
1459,0.0567688,0.536961,0.165671
1460,0.134037,0.5398,0.166046
1461,0.208843,0.541684,0.171596
1462,0.285797,0.539319,0.169661
1463,0.364545,0.538231,0.168525
1464,0.43971,0.540858,0.174996
1465,0.511832,0.542408,0.166313
1466,0.58299,0.543447,0.170027
1467,0.658707,0.536187,0.199337
1468,-0.667743,0.600952,0.214066
1469,-0.590615,0.613312,0.186616
1470,-0.519915,0.621849,0.202944
1471,-0.446522,0.611861,0.20114
1472,-0.371918,0.615007,0.203612
1473,-0.295561,0.618792,0.203311
1474,-0.222247,0.602133,0.195976
1475,-0.144016,0.600815,0.199471
1476,-0.0637656,0.599331,0.203596
1477,0.0179494,0.600945,0.200255
1478,0.0971828,0.607161,0.200147
1479,0.1714,0.611505,0.201284
1480,0.247585,0.608317,0.209846
1481,0.330413,0.601585,0.20371
1482,0.406654,0.608449,0.212323
1483,0.491709,0.612519,0.203056
1484,0.576635,0.621496,0.2011
1485,0.658538,0.595982,0.181455
1486,0.676381,0.602986,0.246025
1487,-0.664202,0.672686,0.180158
1488,-0.576578,0.700506,0.175071
1489,-0.502896,0.692712,0.168191
1490,-0.428113,0.685323,0.170196
1491,-0.340022,0.679372,0.160066
1492,-0.252343,0.67727,0.158205
1493,-0.180958,0.681714,0.165195
1494,-0.102985,0.662321,0.167641
1495,-0.0237448,0.662693,0.165804
1496,0.0560029,0.668743,0.163073
1497,0.135863,0.677775,0.162701
1498,0.205752,0.674965,0.168533
1499,0.29394,0.658708,0.173687
1500,0.369369,0.676128,0.179867
1501,0.438905,0.674396,0.166071
1502,0.516965,0.686748,0.173732
1503,0.589075,0.698776,0.15779
1504,0.665958,0.661447,0.190263
1505,-0.67633,0.7262,0.209982
1506,-0.590471,0.773363,0.221916
1507,-0.528519,0.767376,0.207883
1508,-0.450447,0.766637,0.229856
1509,-0.369876,0.71946,0.207786
1510,-0.28157,0.711951,0.207239
1511,-0.207115,0.767873,0.24401
1512,-0.144327,0.778015,0.214187
1513,-0.0840743,0.731494,0.203021
1514,0.0051259,0.729374,0.194407
1515,0.0994369,0.72712,0.196004
1516,0.150069,0.767155,0.212835
1517,0.258461,0.718664,0.184074
1518,0.346512,0.760511,0.21506
1519,0.411174,0.747163,0.217415
1520,0.476879,0.747608,0.212814
1521,0.540111,0.759462,0.252683
1522,0.615108,0.767581,0.198379
1523,0.67856,0.706358,0.224342
1524,-0.672043,0.779243,0.170602
1525,-0.616399,0.778576,0.164577
1526,-0.479319,0.767376,0.172673
1527,-0.407099,0.767364,0.175586
1528,-0.326631,0.77847,0.187568
1529,-0.255514,0.777061,0.175328
1530,-0.126101,0.784168,0.151468
1531,-0.0714751,0.798502,0.172903
1532,-0.0178916,0.800944,0.203439
1533,0.0203414,0.800118,0.150085
1534,0.0643583,0.787491,0.197504
1535,0.212432,0.767376,0.182128
1536,0.298501,0.776312,0.188931
1537,0.347641,0.784844,0.139081
1538,0.542147,0.77383,0.193478
1539,0.573446,0.78828,0.148683
1540,0.66834,0.771194,0.147089
1541,0.675328,0.759044,0.197378
1542,-0.588459,-0.174114,0.273061
1543,-0.518437,-0.179384,0.279968
1544,-0.453279,-0.18427,0.278491
1545,-0.382994,-0.18511,0.278965
1546,-0.306493,-0.184676,0.282107
1547,-0.22458,-0.184223,0.284343
1548,-0.14579,-0.183814,0.283832
1549,-0.0645079,-0.18346,0.284347
1550,0.0179023,-0.183356,0.282956
1551,0.10014,-0.18362,0.278532
1552,0.176627,-0.184026,0.264466
1553,0.245172,-0.184399,0.257343
1554,0.297698,-0.185423,0.297848
1555,0.397172,-0.193715,0.281908
1556,0.455776,-0.18374,0.263189
1557,0.528735,-0.178371,0.267814
1558,0.593405,-0.171437,0.273669
1559,-0.608293,-0.12288,0.272022
1560,-0.59303,-0.120661,0.212105
1561,-0.497385,-0.126471,0.243913
1562,-0.41977,-0.129812,0.245372
1563,-0.337982,-0.139752,0.245347
1564,-0.259686,-0.162479,0.241994
1565,-0.181371,-0.155153,0.241736
1566,-0.10262,-0.160482,0.242409
1567,-0.0238122,-0.161373,0.242236
1568,0.0558497,-0.152335,0.244564
1569,0.137632,-0.132467,0.246975
1570,0.223948,-0.11906,0.257781
1571,0.300792,-0.133818,0.243722
1572,0.352044,-0.184972,0.256441
1573,0.4196,-0.130733,0.255417
1574,0.508228,-0.111983,0.253771
1575,0.601646,-0.124808,0.247756
1576,-0.617751,-0.0581793,0.27789
1577,-0.542469,-0.0712146,0.271323
1578,-0.464558,-0.0596691,0.290335
1579,-0.378685,-0.0704626,0.280568
1580,-0.297199,-0.077313,0.284716
1581,-0.220569,-0.0791807,0.280112
1582,-0.143053,-0.0785249,0.281238
1583,-0.0655492,-0.0795406,0.282231
1584,0.0122363,-0.0790012,0.283745
1585,0.0923716,-0.0727973,0.279962
1586,0.18099,-0.0640029,0.281144
1587,0.25393,-0.0390147,0.332082
1588,0.331984,-0.0773771,0.276774
1589,0.41949,-0.0600127,0.278533
1590,0.479791,-0.0373658,0.332078
1591,0.540204,-0.0488992,0.273194
1592,0.614887,-0.0827607,0.282848
1593,-0.624904,0.00633347,0.26924
1594,-0.559419,0.00261473,0.24514
1595,-0.485249,0.00283267,0.247374
1596,-0.411101,-0.000470329,0.249373
1597,-0.334238,-0.00383957,0.249981
1598,-0.256758,-0.00538012,0.250495
1599,-0.179796,-0.00587759,0.249158
1600,-0.102261,-0.00583227,0.24984
1601,-0.0244921,-0.00605624,0.250912
1602,0.0533224,-0.00447727,0.249618
1603,0.132954,-0.00227623,0.248816
1604,0.215276,-0.00234262,0.249504
1605,0.290363,-0.00587951,0.252091
1606,0.366506,-0.000521941,0.25371
1607,0.449558,0.000995746,0.246882
1608,0.533305,0.00463066,0.232438
1609,0.624143,-0.0021202,0.271476
1610,-0.642728,0.112299,0.319942
1611,-0.631485,0.0701583,0.264175
1612,-0.537398,0.0660676,0.284168
1613,-0.455818,0.0703142,0.276563
1614,-0.377318,0.0634003,0.279706
1615,-0.298625,0.0600935,0.282657
1616,-0.220028,0.0592726,0.282082
1617,-0.142194,0.058321,0.283364
1618,-0.063674,0.0583564,0.283516
1619,0.0157004,0.0584974,0.283228
1620,0.0954576,0.058915,0.283061
1621,0.175869,0.061388,0.280667
1622,0.254946,0.0620492,0.27874
1623,0.334383,0.0683183,0.279562
1624,0.413863,0.067071,0.278916
1625,0.490497,0.0592611,0.281742
1626,0.56428,0.0717321,0.273738
1627,0.633536,0.0698596,0.278917
1628,-0.637978,0.144187,0.254591
1629,-0.565711,0.125621,0.246552
1630,-0.493626,0.137548,0.249206
1631,-0.413936,0.131999,0.243363
1632,-0.335277,0.130684,0.246884
1633,-0.257677,0.129881,0.249474
1634,-0.179611,0.129492,0.248614
1635,-0.101863,0.129276,0.249301
1636,-0.0237843,0.129476,0.249957
1637,0.0546806,0.129792,0.250201
1638,0.133153,0.130567,0.249733
1639,0.212254,0.131591,0.248336
1640,0.290932,0.13358,0.248931
1641,0.372433,0.135598,0.24727
1642,0.452944,0.135175,0.250604
1643,0.529035,0.135186,0.241434
1644,0.625409,0.126756,0.216324
1645,0.640484,0.134673,0.273805
1646,-0.649239,0.211008,0.277902
1647,-0.588105,0.191182,0.254877
1648,-0.524465,0.223473,0.284177
1649,-0.453185,0.194916,0.278585
1650,-0.375931,0.193445,0.280302
1651,-0.299166,0.195965,0.278831
1652,-0.220853,0.194703,0.280422
1653,-0.142315,0.194649,0.279117
1654,-0.0633547,0.19461,0.279576
1655,0.0161731,0.195034,0.279124
1656,0.0960708,0.195123,0.279467
1657,0.175817,0.195431,0.279494
1658,0.255239,0.196602,0.279951
1659,0.336592,0.196602,0.282485
1660,0.418601,0.197632,0.280538
1661,0.501622,0.197023,0.297095
1662,0.574105,0.178782,0.289133
1663,0.6484,0.203775,0.276951
1664,-0.655833,0.281461,0.270974
1665,-0.574278,0.274529,0.243838
1666,-0.490875,0.272471,0.240071
1667,-0.412913,0.264677,0.250658
1668,-0.335745,0.26583,0.247613
1669,-0.257898,0.266051,0.249665
1670,-0.179962,0.265822,0.249768
1671,-0.101693,0.265748,0.250269
1672,-0.0235645,0.266014,0.250437
1673,0.0550785,0.266203,0.25065
1674,0.133308,0.266308,0.251044
1675,0.211331,0.266342,0.249555
1676,0.289458,0.266044,0.250749
1677,0.367052,0.265686,0.248547
1678,0.443102,0.266089,0.247976
1679,0.514036,0.26505,0.246739
1680,0.583626,0.257801,0.255275
1681,0.654329,0.269135,0.269377
1682,-0.66407,0.355405,0.287951
1683,-0.592447,0.342248,0.272981
1684,-0.523135,0.346261,0.277816
1685,-0.452782,0.331751,0.27868
1686,-0.377058,0.333703,0.277378
1687,-0.300173,0.332964,0.276337
1688,-0.222409,0.333948,0.276854
1689,-0.143372,0.332392,0.277028
1690,-0.0638107,0.33413,0.276021
1691,0.0160745,0.333269,0.276462
1692,0.0955702,0.335241,0.27592
1693,0.17475,0.334381,0.276127
1694,0.253276,0.334565,0.276796
1695,0.331574,0.333308,0.276929
1696,0.409414,0.33315,0.276366
1697,0.488215,0.335627,0.275649
1698,0.569295,0.333148,0.27574
1699,0.660411,0.334386,0.265613
1700,0.667759,0.373404,0.325408
1701,-0.664447,0.404729,0.2576
1702,-0.581532,0.404568,0.238
1703,-0.491884,0.405265,0.242748
1704,-0.415251,0.403935,0.251618
1705,-0.336977,0.403667,0.250605
1706,-0.259168,0.403184,0.249085
1707,-0.180485,0.403612,0.250822
1708,-0.102928,0.402759,0.249538
1709,-0.0222964,0.403436,0.250281
1710,0.0550756,0.404945,0.251303
1711,0.133878,0.404756,0.250577
1712,0.211508,0.405335,0.251281
1713,0.288958,0.404873,0.251052
1714,0.365935,0.402288,0.249158
1715,0.444193,0.401442,0.247955
1716,0.51956,0.40286,0.248819
1717,0.595418,0.399498,0.251653
1718,0.665263,0.406519,0.261644
1719,-0.671799,0.461815,0.285599
1720,-0.602724,0.491008,0.274163
1721,-0.537269,0.457534,0.279361
1722,-0.460378,0.475066,0.277394
1723,-0.382031,0.473494,0.277954
1724,-0.302701,0.47339,0.277199
1725,-0.223773,0.472192,0.276273
1726,-0.143754,0.474523,0.276411
1727,-0.0638934,0.467543,0.276655
1728,0.0169594,0.477111,0.278127
1729,0.0971239,0.474614,0.277194
1730,0.175064,0.476784,0.2769
1731,0.252424,0.478122,0.277218
1732,0.328452,0.476128,0.274235
1733,0.403744,0.470695,0.275624
1734,0.477798,0.476027,0.273162
1735,0.549337,0.477929,0.277363
1736,0.609537,0.480992,0.244685
1737,0.670778,0.471435,0.266409
1738,-0.675264,0.531072,0.265742
1739,-0.660841,0.53307,0.207888
1740,-0.564479,0.543591,0.240954
1741,-0.494511,0.543258,0.255589
1742,-0.417319,0.543562,0.249484
1743,-0.339641,0.541986,0.250933
1744,-0.260782,0.540107,0.248088
1745,-0.181465,0.539893,0.248716
1746,-0.10349,0.540741,0.251539
1747,-0.0271835,0.536617,0.246433
1748,0.0597919,0.538146,0.243994
1749,0.13772,0.542693,0.247046
1750,0.213419,0.547546,0.252681
1751,0.288854,0.547611,0.252803
1752,0.367077,0.547032,0.253858
1753,0.440783,0.545394,0.253132
1754,0.520733,0.545761,0.245248
1755,0.598521,0.557769,0.253094
1756,0.675413,0.538978,0.262879
1757,-0.681019,0.59734,0.275377
1758,-0.609204,0.595587,0.265862
1759,-0.537458,0.618066,0.27779
1760,-0.462045,0.615062,0.276345
1761,-0.382633,0.611038,0.279418
1762,-0.301687,0.60742,0.274642
1763,-0.222822,0.607021,0.274626
1764,-0.147057,0.613355,0.278181
1765,-0.0643412,0.610181,0.283266
1766,0.0172258,0.591214,0.279706
1767,0.102243,0.607226,0.280343
1768,0.17885,0.617525,0.277176
1769,0.254014,0.626487,0.295097
1770,0.328882,0.61846,0.276569
1771,0.399901,0.628241,0.316452
1772,0.469494,0.611377,0.275795
1773,0.545792,0.61594,0.280269
1774,0.618721,0.636191,0.27027
1775,0.685826,0.576971,0.3153
1776,-0.683858,0.659542,0.258175
1777,-0.618735,0.677293,0.239394
1778,-0.559314,0.696485,0.260224
1779,-0.488211,0.693076,0.243471
1780,-0.418457,0.683347,0.257458
1781,-0.335562,0.680933,0.263789
1782,-0.251273,0.684476,0.271578
1783,-0.193413,0.672359,0.228639
1784,-0.108658,0.669891,0.244433
1785,-0.0182875,0.662818,0.244176
1786,0.0591939,0.66258,0.247639
1787,0.131949,0.685335,0.256326
1788,0.206018,0.689838,0.248778
1789,0.284658,0.68943,0.255252
1790,0.361327,0.685955,0.251553
1791,0.442036,0.677286,0.246707
1792,0.521715,0.685427,0.251147
1793,0.595344,0.69958,0.238192
1794,0.685516,0.663895,0.269345
1795,-0.689699,0.717781,0.271335
1796,-0.622033,0.774314,0.279836
1797,-0.515784,0.75598,0.328622
1798,-0.413276,0.753525,0.297805
1799,-0.342806,0.759404,0.300659
1800,-0.274563,0.756657,0.28894
1801,-0.191082,0.757691,0.324353
1802,-0.163337,0.722625,0.267373
1803,-0.0545531,0.719963,0.271812
1804,0.0373473,0.725422,0.268823
1805,0.0770079,0.757553,0.325591
1806,0.153683,0.753783,0.280425
1807,0.242057,0.762914,0.315386
1808,0.323339,0.753645,0.280926
1809,0.398689,0.746682,0.280956
1810,0.469244,0.746736,0.279423
1811,0.531457,0.756612,0.318427
1812,0.636319,0.751864,0.324098
1813,0.692338,0.736734,0.279471
1814,-0.687919,0.778928,0.264499
1815,-0.655965,0.785154,0.224551
1816,-0.548354,0.766742,0.277125
1817,-0.483443,0.766457,0.279256
1818,-0.382964,0.776858,0.248884
1819,-0.323447,0.788578,0.245046
1820,-0.264493,0.78109,0.237555
1821,-0.121657,0.783803,0.275697
1822,-0.0748157,0.800014,0.244742
1823,-0.0238484,0.791491,0.275218
1824,0.0279659,0.797802,0.24804
1825,0.0903537,0.774483,0.261532
1826,0.206891,0.765595,0.247651
1827,0.265576,0.764233,0.247839
1828,0.59827,0.766953,0.270913
1829,0.662061,0.765786,0.253872
1830,-0.599946,-0.16564,0.327123
1831,-0.539057,-0.171621,0.330357
1832,-0.423305,-0.187227,0.331752
1833,-0.353272,-0.17983,0.331674
1834,-0.280114,-0.178729,0.331759
1835,-0.206574,-0.177915,0.331865
1836,-0.133199,-0.177086,0.331792
1837,-0.0596417,-0.176319,0.331781
1838,0.0135465,-0.176088,0.331642
1839,0.0861605,-0.17685,0.331309
1840,0.157551,-0.193647,0.330617
1841,0.22907,-0.19718,0.32629
1842,0.315367,-0.111396,0.332119
1843,0.38798,-0.103923,0.332114
1844,0.485261,-0.187117,0.325782
1845,0.546081,-0.17001,0.330051
1846,0.598858,-0.165556,0.327316
1847,-0.606018,-0.111783,0.329319
1848,-0.537679,-0.111162,0.33213
1849,-0.475466,-0.144307,0.332146
1850,-0.400067,-0.127037,0.332136
1851,-0.328162,-0.120149,0.332132
1852,-0.252407,-0.12006,0.332131
1853,-0.176981,-0.119175,0.332129
1854,-0.100734,-0.119049,0.332128
1855,-0.0235611,-0.119082,0.332127
1856,0.05421,-0.119051,0.332126
1857,0.129891,-0.124086,0.332128
1858,0.192673,-0.141713,0.332136
1859,0.271855,-0.150067,0.332139
1860,0.358483,-0.155675,0.335932
1861,0.42832,-0.156343,0.337599
1862,0.509627,-0.125518,0.332123
1863,0.601578,-0.112658,0.332478
1864,-0.602661,-0.0531362,0.332093
1865,-0.520037,-0.0469365,0.332096
1866,-0.437681,-0.0716607,0.332108
1867,-0.363251,-0.0466173,0.332094
1868,-0.286848,-0.0430599,0.332091
1869,-0.211473,-0.0452423,0.332091
1870,-0.13573,-0.0446405,0.33209
1871,-0.0593584,-0.0440795,0.332089
1872,0.0174333,-0.0431262,0.332087
1873,0.093887,-0.049552,0.33209
1874,0.167443,-0.0533699,0.332091
1875,0.238154,-0.0939784,0.332111
1876,0.321991,-0.0394841,0.332082
1877,0.393716,-0.0334584,0.332078
1878,0.458411,-0.0935893,0.332108
1879,0.549899,-0.0730081,0.332102
1880,0.619143,-0.0434672,0.325358
1881,-0.623717,0.00253287,0.327424
1882,-0.555408,0.00736919,0.332069
1883,-0.475863,0.00817978,0.332067
1884,-0.408002,0.00647838,0.332067
1885,-0.331483,0.0130147,0.332063
1886,-0.252945,0.0140284,0.332061
1887,-0.176723,0.0130482,0.332061
1888,-0.0996262,0.0132942,0.33206
1889,-0.0221607,0.0136889,0.332059
1890,0.0566066,0.0121044,0.332058
1891,0.131047,0.0100337,0.332059
1892,0.204406,0.00949942,0.332058
1893,0.280503,0.0190539,0.332052
1894,0.355358,0.0221465,0.332049
1895,0.434093,0.0183951,0.33205
1896,0.509826,0.013757,0.332058
1897,0.570805,0.00027239,0.332077
1898,0.626014,0.0236828,0.327942
1899,-0.630196,0.0587857,0.327713
1900,-0.577697,0.0809123,0.331982
1901,-0.503389,0.0767555,0.332032
1902,-0.431051,0.0779225,0.332031
1903,-0.359901,0.0833042,0.332027
1904,-0.285534,0.0878212,0.332024
1905,-0.210511,0.0882458,0.332023
1906,-0.13534,0.0887135,0.332021
1907,-0.0599623,0.0890332,0.33202
1908,0.0153879,0.0875366,0.33202
1909,0.0896876,0.0875405,0.332019
1910,0.162988,0.0825785,0.332021
1911,0.236103,0.0857134,0.332018
1912,0.311756,0.089059,0.332015
1913,0.391647,0.0886172,0.332015
1914,0.469252,0.0883508,0.332018
1915,0.551172,0.075028,0.332038
1916,0.629918,0.0874953,0.330289
1917,-0.642655,0.158342,0.3319
1918,-0.564928,0.143127,0.331932
1919,-0.480742,0.139088,0.331999
1920,-0.406498,0.143133,0.331997
1921,-0.330694,0.144902,0.331995
1922,-0.253406,0.146268,0.331993
1923,-0.176352,0.146584,0.331992
1924,-0.0996064,0.14677,0.331991
1925,-0.0223829,0.14642,0.33199
1926,0.053964,0.146181,0.331989
1927,0.131044,0.144838,0.331989
1928,0.205034,0.144935,0.331988
1929,0.280122,0.146411,0.331986
1930,0.357394,0.146137,0.331986
1931,0.432952,0.146988,0.331986
1932,0.508279,0.141279,0.332003
1933,0.580312,0.135697,0.332006
1934,0.643878,0.153312,0.331987
1935,-0.653228,0.211808,0.333877
1936,-0.58989,0.210529,0.331806
1937,-0.515251,0.193654,0.33196
1938,-0.438424,0.213035,0.33196
1939,-0.362875,0.216171,0.331958
1940,-0.287079,0.215333,0.331958
1941,-0.210841,0.217609,0.331956
1942,-0.135442,0.217187,0.331955
1943,-0.0603341,0.217334,0.331954
1944,0.0144019,0.216862,0.331953
1945,0.0889146,0.215993,0.331953
1946,0.163194,0.216065,0.331952
1947,0.237674,0.216247,0.331951
1948,0.313305,0.216795,0.33195
1949,0.390316,0.216611,0.33195
1950,0.466369,0.220076,0.33196
1951,0.564166,0.219976,0.331962
1952,0.651684,0.209003,0.334604
1953,-0.658394,0.26657,0.33297
1954,-0.564038,0.266901,0.331787
1955,-0.482215,0.268946,0.331931
1956,-0.405604,0.274129,0.331928
1957,-0.32854,0.274949,0.331927
1958,-0.252939,0.275407,0.331927
1959,-0.175774,0.276204,0.331925
1960,-0.0998439,0.27619,0.331924
1961,-0.0229937,0.276018,0.331924
1962,0.0531527,0.275733,0.331923
1963,0.129702,0.27553,0.331922
1964,0.205765,0.275815,0.331921
1965,0.282182,0.276132,0.331919
1966,0.358841,0.276158,0.331918
1967,0.434725,0.27746,0.33193
1968,0.512903,0.273035,0.331933
1969,0.594469,0.273052,0.331935
1970,0.661298,0.264042,0.330797
1971,-0.665578,0.324872,0.330415
1972,-0.60112,0.315353,0.331671
1973,-0.521015,0.324905,0.331799
1974,-0.441602,0.337932,0.331895
1975,-0.362006,0.33943,0.331894
1976,-0.285416,0.341474,0.331892
1977,-0.209701,0.340884,0.331892
1978,-0.134218,0.343882,0.33189
1979,-0.0601248,0.340748,0.331891
1980,0.0139509,0.342593,0.331889
1981,0.089219,0.339533,0.331889
1982,0.163966,0.341062,0.331888
1983,0.239424,0.340838,0.331887
1984,0.315511,0.341995,0.331885
1985,0.390706,0.342831,0.331895
1986,0.465908,0.341047,0.331897
1987,0.538526,0.335308,0.331901
1988,0.610598,0.342041,0.332229
1989,0.665203,0.317414,0.329495
1990,-0.666463,0.401421,0.328823
1991,-0.608462,0.392717,0.331771
1992,-0.544014,0.397729,0.331672
1993,-0.475925,0.400951,0.331792
1994,-0.401813,0.401192,0.331862
1995,-0.326831,0.402443,0.331861
1996,-0.251387,0.403361,0.33186
1997,-0.176608,0.403288,0.33186
1998,-0.0980389,0.404401,0.331858
1999,-0.0252589,0.40371,0.331858
2000,0.054061,0.401821,0.331858
2001,0.12913,0.402649,0.331856
2002,0.205963,0.402448,0.331855
2003,0.282555,0.402641,0.331854
2004,0.359155,0.403892,0.331862
2005,0.434796,0.403325,0.331864
2006,0.51159,0.401281,0.331866
2007,0.586036,0.402907,0.331866
2008,0.660521,0.421449,0.332168
2009,-0.662274,0.466119,0.33184
2010,-0.591362,0.458083,0.33167
2011,-0.510895,0.468974,0.331669
2012,-0.434878,0.461859,0.331797
2013,-0.358233,0.464174,0.331828
2014,-0.283161,0.465129,0.331828
2015,-0.208915,0.466855,0.331827
2016,-0.134851,0.461973,0.331829
2017,-0.0595032,0.473068,0.331822
2018,0.014492,0.459237,0.331829
2019,0.0885145,0.464489,0.331825
2020,0.164949,0.461417,0.331826
2021,0.241693,0.461675,0.331824
2022,0.317199,0.462041,0.331831
2023,0.392934,0.465868,0.33183
2024,0.470511,0.460684,0.331834
2025,0.54441,0.464242,0.331834
2026,0.612825,0.467328,0.331823
2027,0.673867,0.476764,0.322227
2028,-0.67614,0.530245,0.323894
2029,-0.616738,0.532446,0.33167
2030,-0.547251,0.530809,0.33167
2031,-0.473679,0.531803,0.331674
2032,-0.399543,0.530169,0.33178
2033,-0.325882,0.532291,0.331793
2034,-0.253059,0.532776,0.331792
2035,-0.178596,0.531481,0.331793
2036,-0.104831,0.529967,0.331793
2037,-0.0168103,0.530942,0.331792
2038,0.053756,0.531135,0.331791
2039,0.130733,0.529068,0.331791
2040,0.206859,0.528277,0.33179
2041,0.28477,0.530689,0.331795
2042,0.354747,0.529756,0.331796
2043,0.436732,0.526424,0.331799
2044,0.512804,0.529169,0.331799
2045,0.597026,0.531819,0.331799
2046,0.667588,0.53071,0.329458
2047,-0.675945,0.591177,0.327931
2048,-0.593128,0.590912,0.33167
2049,-0.512425,0.590693,0.33167
2050,-0.434636,0.588871,0.331668
2051,-0.359276,0.59288,0.331761
2052,-0.286298,0.59541,0.331759
2053,-0.213851,0.593566,0.33176
2054,-0.141199,0.590555,0.331762
2055,-0.0602834,0.57786,0.331768
2056,0.0197449,0.603967,0.331754
2057,0.0924518,0.587733,0.331761
2058,0.168494,0.586263,0.331761
2059,0.243667,0.583851,0.331766
2060,0.318351,0.594628,0.331762
2061,0.394549,0.577545,0.331772
2062,0.472927,0.584423,0.33177
2063,0.549351,0.582803,0.331772
2064,0.620145,0.59646,0.331764
2065,0.680493,0.62655,0.327616
2066,-0.686465,0.65498,0.324253
2067,-0.629023,0.64849,0.33167
2068,-0.557933,0.657116,0.33167
2069,-0.466786,0.659,0.33167
2070,-0.400761,0.665737,0.331668
2071,-0.330177,0.6656,0.33172
2072,-0.259178,0.66558,0.331723
2073,-0.189644,0.665831,0.331722
2074,-0.102596,0.649825,0.33173
2075,-0.0239998,0.653399,0.331728
2076,0.0657065,0.661711,0.331724
2077,0.139866,0.660168,0.331723
2078,0.208964,0.662902,0.331724
2079,0.285624,0.677874,0.331718
2080,0.353063,0.672433,0.331721
2081,0.43298,0.675148,0.331721
2082,0.49609,0.654373,0.331733
2083,0.573884,0.66224,0.33173
2084,0.685648,0.680443,0.327182
2085,-0.685844,0.712368,0.328964
2086,-0.611546,0.706867,0.33167
2087,-0.514111,0.697727,0.33167
2088,-0.452545,0.734097,0.331352
2089,-0.37855,0.729152,0.333092
2090,-0.304695,0.732063,0.332957
2091,-0.235651,0.736647,0.332696
2092,-0.139378,0.703416,0.331703
2093,-0.0655738,0.707756,0.3317
2094,0.0154404,0.704598,0.331701
2095,0.106484,0.718365,0.334321
2096,0.164578,0.735925,0.332241
2097,0.219119,0.722641,0.33375
2098,0.347694,0.736249,0.332946
2099,0.406531,0.73532,0.332604
2100,0.467149,0.735826,0.332335
2101,0.528322,0.706539,0.332064
2102,0.624856,0.690239,0.331717
2103,0.687915,0.73886,0.328441
2104,-0.694256,0.771254,0.320061
2105,-0.644277,0.763425,0.330023
2106,-0.576181,0.756278,0.331079
2107,-0.136127,0.769993,0.329464
2108,-0.0843683,0.773013,0.33098
2109,-0.0305196,0.772227,0.331542
2110,0.0230429,0.77182,0.328438
2111,0.289646,0.746947,0.32931
2112,0.585269,0.754919,0.329615
